9.16
2.01
1.48
0.5599999999999999
1.66
0.6
0.51
0.47000000000000003
0.51
0.51
0.53
0.44
0.44999999999999996
0.41000000000000003
0.4
0.4
0.44
0.42
0.42
0.4
0.38
0.41000000000000003
0.4
0.38999999999999996
0.38
0.4
0.38999999999999996
0.38
0.38
0.38999999999999996
0.38999999999999996
0.38
0.4
0.38
0.38
0.38
0.38
0.38999999999999996
0.38
0.38
0.38
0.38999999999999996
0.38
0.38999999999999996
0.38999999999999996
0.52
0.38
0.37
0.41000000000000003
0.45999999999999996
0.37
0.36
0.36
0.36
0.36
0.36
0.35000000000000003
0.36
0.36
0.36
0.36
0.37
0.36
0.36
0.36
0.53
0.36
0.36
0.33
0.33
0.32
0.32
0.32
0.42
0.33999999999999997
0.32
0.36
0.33
0.33
0.32
0.36
0.33
0.32
0.33999999999999997
0.33
0.32
0.32
0.32
0.32
0.32
0.5499999999999999
4.5
0.36
0.35000000000000003
0.33999999999999997
0.33
0.35000000000000003
0.32
0.33999999999999997
0.32
0.33
0.32
0.32
0.33
0.32
0.32
0.32
0.33
0.31
0.25
0.22999999999999998
0.22999999999999998
0.22999999999999998
0.22
0.22
0.22999999999999998
0.22999999999999998
0.22
0.22
0.22
0.22
0.22
0.22999999999999998
0.22
0.22999999999999998
0.22
0.22
0.22
0.22
0.22
0.22
0.22999999999999998
0.44999999999999996
0.29
0.26
0.27
0.24
0.22999999999999998
0.24
0.22
0.22
0.22
0.22
0.24
0.22999999999999998
0.22999999999999998
0.22
0.22
0.22999999999999998
0.22999999999999998
0.22
0.22999999999999998
0.22999999999999998
0.22
0.22
0.22
0.22
0.22
0.22999999999999998
0.22
0.22
0.22999999999999998
0.22
0.22
0.22
1.6099999999999999
0.43
0.33999999999999997
0.33999999999999997
0.33
0.32
0.33
0.32
0.32
5.12
0.44
0.35000000000000003
0.33
0.33
0.32
0.35000000000000003
0.33999999999999997
0.33
0.32
0.33
0.32
0.33
0.33
0.32
0.33
0.35000000000000003
0.33
0.33
0.32
0.32
0.33
0.32
0.32
0.33
0.32
0.32
0.32