15.98
3.9
2.55
2.76
2.98
1.67
1.4500000000000002
1.43
3.34
2.54
1.48
1.3
1.26
1.24
1.22
1.21
1.25
1.23
1.23
1.18
1.21
1.1900000000000002
2.07
1.25
1.21
1.1900000000000002
2.04
1.21
1.1900000000000002
1.18
1.24
1.15
1.15
1.17
1.18
1.15
1.3
1.17
1.18
1.15
1.18
1.15
1.23
1.23
1.17
1.15
1.16
1.15
1.16
1.17
31.2
1.34
1.24
1.2
1.2
1.1900000000000002
1.17
1.17
1.26
1.16
1.16
1.16
1.17
1.16
1.1400000000000001
1.16
1.16
1.17
1.15
1.18
1.15
1.17
1.1400000000000001
1.18
1.18
1.15
1.28
1.15
1.1400000000000001
1.16
1.1900000000000002
1.15
1.16
1.15
1.16
1.16
1.16
1.31
1.18
1.15
1.16
1.16
1.15
1.15
1.16
1.1400000000000001
1.1900000000000002
1.15
1.16
1.1400000000000001
1.16
1.1400000000000001
1.1400000000000001
1.15
1.15
1.15
1.16
1.15
1.16
1.17
1.15
1.4200000000000002
1.1900000000000002
1.21
1.15
1.15
1.18
1.15
1.2
1.16
14.02
1.1400000000000001
1.1400000000000001
1.1199999999999999
1.1199999999999999
1.11
1.1199999999999999
1.11
1.1199999999999999
1.13
1.1400000000000001
1.13
1.1199999999999999
1.16
1.1199999999999999
1.15
1.13
1.13
1.1199999999999999
1.17
1.1199999999999999
1.15
1.1199999999999999
1.16
1.11
1.13
7.91
1.16
1.1199999999999999
1.15
1.1199999999999999
1.13
1.1199999999999999
1.16
1.1199999999999999
1.1400000000000001
1.1199999999999999
1.13
1.1199999999999999
1.16
1.13
1.1400000000000001
1.13
1.13
1.1199999999999999
1.17
1.11
1.13
1.13
13.239999999999998
1.28
1.18
1.2
1.1400000000000001
1.18
1.1199999999999999
1.13
1.13
1.1400000000000001
1.1199999999999999
1.1400000000000001
1.1199999999999999
1.11
1.1199999999999999
1.13
1.11
1.17
1.1400000000000001
1.13
1.1400000000000001
1.13
1.1400000000000001
1.1199999999999999
1.13
1.17
1.13
1.1199999999999999
1.13
1.11
1.0999999999999999
1.16
1.1199999999999999