7.17
2.09
0.67
0.44
1.5699999999999998
0.49
0.42
0.37
0.43
0.38999999999999996
0.33
0.33999999999999997
0.33999999999999997
0.77
0.38
0.33999999999999997
0.33
1.3
0.31
0.29
0.29
0.27999999999999997
0.27999999999999997
0.3
0.27999999999999997
0.27
0.27999999999999997
0.27999999999999997
0.27999999999999997
0.29
0.27999999999999997
0.27
0.27999999999999997
0.27
0.27999999999999997
0.27
0.27999999999999997
0.29
0.27999999999999997
0.27999999999999997
0.27
0.27
0.27999999999999997
0.27
0.27
0.27
0.32
0.27999999999999997
0.27999999999999997
0.27
0.27
0.27
0.3
0.27999999999999997
0.31
0.27
0.27999999999999997
0.27999999999999997
0.27
0.29
0.27
0.27999999999999997
0.27
0.27999999999999997
0.38
0.27999999999999997
0.49
0.33999999999999997
0.32
0.31
0.27
0.27999999999999997
0.27999999999999997
0.29
0.27
0.27
0.27
0.26
0.27
0.27
0.27999999999999997
0.26
0.26
0.26
0.26
0.26
0.27
0.27
0.26
0.26
0.26
0.26
0.27
0.26
0.26
0.3
0.27
0.27
0.27
0.26
0.26
0.26
0.29
0.27
0.29
0.26
0.27
0.26
0.26
0.26
0.54
0.26
0.26
0.26
0.29
0.27
0.26
0.27
0.26
0.26
0.27999999999999997
0.38999999999999996
0.48
0.36
0.29
0.27
0.25
0.25
0.25
0.25
0.25
0.26
0.24
0.24
0.24
0.24
0.26
0.22999999999999998
0.24
0.24
0.24
0.24
0.24
0.24
0.25
0.24
0.25
0.25
0.24
0.24
0.24
0.24
0.24
0.27
0.24
0.24
0.25
0.19
0.18
0.19
0.18
0.16999999999999998
0.16999999999999998
0.18
0.16999999999999998
0.16999999999999998
0.16999999999999998
0.16999999999999998
0.16999999999999998
0.16999999999999998
4.24
0.16999999999999998
0.18
0.16999999999999998
0.16999999999999998
0.16999999999999998
0.16999999999999998
0.16999999999999998
0.16999999999999998
0.33
0.2
0.18
0.18
0.16999999999999998
0.16999999999999998
0.16999999999999998
0.16999999999999998
0.16999999999999998
0.16999999999999998
0.16999999999999998
0.16999999999999998
0.19
0.16999999999999998
0.16999999999999998
0.18
0.16999999999999998
0.16999999999999998
0.16999999999999998
0.19
0.18
0.16999999999999998
0.16999999999999998