9.370000000000001
1.7500000000000002
1.47
0.51
2.36
0.53
0.45999999999999996
0.41000000000000003
0.45999999999999996
0.44
0.36
0.35000000000000003
0.41000000000000003
0.35000000000000003
0.36
0.35000000000000003
0.36
0.36
0.59
0.4
0.36
0.37
0.35000000000000003
0.33999999999999997
0.33
0.33
0.33
0.33
0.32
0.35000000000000003
0.33
0.35000000000000003
0.33
0.33
0.32
0.33
0.33
0.32
0.32
0.33999999999999997
0.33
0.32
0.32
0.32
0.33
0.32
0.33
0.33
0.32
0.33
0.32
0.32
0.33
0.45999999999999996
0.32
0.33
0.33
0.31
0.33999999999999997
0.31
0.31
0.32
0.31
0.3
0.38
0.31
0.31
0.3
0.31
0.32
0.31
0.31
0.32
0.3
0.31
0.31
0.31
0.3
0.3
0.31
0.31
0.31
0.32
0.31
0.48
0.31
0.31
0.3
0.29
0.27999999999999997
0.29
0.27999999999999997
0.38999999999999996
0.3
0.27
0.27
0.27
0.27999999999999997
0.27
0.29
0.27
0.27
0.3
0.29
0.27999999999999997
0.27999999999999997
0.27
0.27
0.27999999999999997
0.27
0.27999999999999997
0.27999999999999997
5.37
0.27999999999999997
0.27999999999999997
0.27999999999999997
0.27
0.29
0.27999999999999997
0.5499999999999999
0.27999999999999997
0.27999999999999997
0.29
0.27
0.27
0.27
0.27
0.44
0.27
0.27
0.27
0.27999999999999997
0.27999999999999997
0.31
0.27999999999999997
0.21
0.2
0.2
0.19
0.19
0.19
0.2
0.19
0.19
0.2
0.19
0.19
0.19
0.2
0.19
0.2
0.19
0.19
0.19
0.19
0.21
0.19
0.19
0.19
0.2
0.2
0.19
0.2
0.2
0.19
0.19
0.19
0.19
0.19
0.19
0.19
0.19
0.19
0.19
0.19
0.2
0.19
0.19
0.19
0.19
0.19
0.19
0.2
0.19
0.19
0.19
0.18
0.19
0.18
0.2
0.2
0.19
0.19
0.2
0.19
0.19
0.18
0.19
0.19
0.2
0.2
0.19