22.32
5.36
3.82
3.44
5.56
4.130000000000001
3
2.87
4.569999999999999
3.1199999999999997
2.88
2.71
2.65
2.62
2.62
2.6
2.65
3.34
2.64
2.58
2.59
2.59
2.58
2.58
2.58
2.6100000000000003
2.62
2.5700000000000003
2.54
2.6100000000000003
2.62
2.68
2.6
2.5700000000000003
2.59
2.5700000000000003
2.5700000000000003
2.59
2.6
2.58
2.5700000000000003
2.5700000000000003
2.56
2.56
2.56
2.58
2.59
2.59
2.88
2.55
2.59
2.56
14.719999999999999
2.4899999999999998
2.48
2.48
2.5100000000000002
3.15
2.6599999999999997
2.56
2.5100000000000002
2.48
2.5
2.48
2.5100000000000002
2.48
2.48
2.4899999999999998
2.5100000000000002
2.52
2.4899999999999998
2.52
2.4899999999999998
2.4899999999999998
2.48
2.48
2.5
2.4899999999999998
2.4899999999999998
2.5
2.4899999999999998
2.4699999999999998
2.5
2.4699999999999998
2.48
2.4899999999999998
2.56
2.48
2.48
2.46
2.54
2.53
2.48
2.5
2.4899999999999998
2.56
2.5100000000000002
2.5100000000000002
2.5
2.52
2.5
2.5
2.48
2.5
2.4899999999999998
2.5100000000000002
2.48
2.52
2.5
2.4899999999999998
2.5
2.5
2.5100000000000002
2.5
2.48
2.4899999999999998
2.48
2.48
2.5
9.31
2.68
2.53
2.5100000000000002
2.54
2.81
2.48
2.5
2.48
2.48
2.4699999999999998
2.4899999999999998
2.48
26.700000000000003
2.48
2.48
2.4699999999999998
2.48
2.45
2.4699999999999998
2.46
2.4699999999999998
2.55
2.46
2.64
8.99
2.46
2.46
2.4899999999999998
2.5
2.4899999999999998
2.5
2.5100000000000002
2.48
2.5
2.48
2.46
2.48
2.4899999999999998
2.5
2.45
51.29
2.46
2.4299999999999997
2.42
2.4299999999999997
2.4
2.42
2.41
2.56
6.460000000000001
2.41
6.370000000000001
2.41
2.41
2.42
2.4299999999999997
2.42
2.4299999999999997
2.4299999999999997
2.4299999999999997
2.45
2.5100000000000002
7.3
2.73
2.5100000000000002
2.5
2.4699999999999998
2.44
2.6100000000000003
2.41
2.42
11.28
2.42
2.44
2.41
2.4
2.41
2.44
2.39
82.14
2.4
2.41