6.03
1.51
1.51
1.35
1.4000000000000001
0.36
0.31
0.26
0.33999999999999997
0.26
0.18
0.2
0.18
0.16999999999999998
0.16999999999999998
0.18
0.19
0.18
0.16999999999999998
0.16
0.15
0.16
0.18
0.15
0.15
0.15
0.15
0.15
0.15
0.16999999999999998
0.15
0.15
0.15
0.13999999999999999
0.13999999999999999
0.15
0.16
0.13999999999999999
0.15
0.15
0.16
0.15
0.13999999999999999
0.13999999999999999
0.13999999999999999
0.37
0.2
0.18
0.16
0.16
0.15
0.15
0.15
0.15
0.16999999999999998
0.15
0.13999999999999999
0.15
0.15
0.13999999999999999
0.13999999999999999
0.16
0.15
0.13999999999999999
0.13999999999999999
0.13999999999999999
0.15
0.15
0.15
0.16
0.15
0.15
0.15
0.16
0.13999999999999999
0.16
0.13999999999999999
0.15
0.15
0.15
0.13999999999999999
0.13999999999999999
0.16
0.15
0.15
0.13999999999999999
0.15
0.15
0.15
0.13999999999999999
0.13999999999999999
0.16
0.13999999999999999
0.13999999999999999
0.13999999999999999
0.13999999999999999
0.15
0.15
0.15
0.15
0.13999999999999999
0.13999999999999999
0.13999999999999999
0.15
0.13999999999999999
0.13999999999999999
0.13999999999999999
0.15
0.15
0.13999999999999999
0.13999999999999999
0.16
0.15
0.15
0.13999999999999999
0.13999999999999999
0.13999999999999999
0.13999999999999999
0.13999999999999999
0.15
0.15
0.15
0.15
0.13999999999999999
0.13999999999999999
0.13999999999999999
0.13999999999999999
0.13999999999999999
0.15
0.16
0.13999999999999999
0.13999999999999999
0.13999999999999999
0.13999999999999999
0.15
0.15
0.16999999999999998
0.15
0.13999999999999999
0.13999999999999999
0.13999999999999999
0.13999999999999999
0.15
0.15
0.16
0.13999999999999999
0.15
0.13999999999999999
0.13999999999999999
0.13999999999999999
12.2
0.26
0.18
0.16999999999999998
0.16
0.16999999999999998
0.13999999999999999
0.13999999999999999
0.13999999999999999
0.13999999999999999
0.15
0.13999999999999999
0.13999999999999999
0.13999999999999999
0.13999999999999999
0.13999999999999999
0.13
0.13999999999999999
0.15
0.13999999999999999
0.13999999999999999
0.13999999999999999
0.15
0.13999999999999999
0.13999999999999999
0.13999999999999999
0.13999999999999999
0.16
0.13999999999999999
0.13999999999999999
0.13999999999999999
0.13999999999999999
0.13999999999999999
0.13999999999999999
0.15
0.13
0.13999999999999999
0.13999999999999999
0.15
0.13999999999999999
0.13999999999999999
0.15
0.13999999999999999
0.13999999999999999
0.13999999999999999
0.13999999999999999
0.13999999999999999
0.13999999999999999
0.13999999999999999
0.13999999999999999
0.13999999999999999
0.13