23.89
5.35
6.370000000000001
4.3999999999999995
6.370000000000001
4.02
3.6900000000000004
3.64
5.42
4.71
3.6799999999999997
3.55
3.51
3.46
3.44
3.47
3.46
3.47
3.46
3.4000000000000004
31.840000000000003
3.6700000000000004
3.5700000000000003
3.4799999999999995
3.46
3.45
3.44
3.42
3.4099999999999997
3.4000000000000004
3.4000000000000004
3.4000000000000004
3.4000000000000004
3.39
3.62
3.39
9.5
7.249999999999999
6.08
3.29
3.3099999999999996
3.3300000000000005
3.34
3.3000000000000003
3.32
3.3000000000000003
3.34
3.3099999999999996
3.34
3.32
3.3099999999999996
3.27
3.3099999999999996
3.3000000000000003
3.35
3.27
3.3099999999999996
3.29
3.3000000000000003
3.3099999999999996
3.32
3.27
3.34
3.32
15.409999999999998
3.3000000000000003
3.36
3.4799999999999995
3.27
3.29
3.27
3.27
3.27
26.71
3.26
3.2800000000000002
3.25
3.25
3.2800000000000002
3.25
3.27
3.2800000000000002
3.26
3.25
3.3000000000000003
3.36
3.25
3.25
3.2800000000000002
3.27
3.25
3.2800000000000002
3.25
3.25
3.2399999999999998
3.4299999999999997
3.26
3.29
3.25
3.27
3.26
3.25
3.26
3.2399999999999998
3.27
3.27
3.2800000000000002
3.27
3.2300000000000004
53.14
8.3
3.5999999999999996
3.4799999999999995
3.2399999999999998
3.2300000000000004
3.2099999999999995
3.2300000000000004
3.2199999999999998
3.18
3.25
3.19
3.2
3.18
3.19
3.19
3.18
7.580000000000001
3.2
3.19
3.27
3.2099999999999995
3.2099999999999995
3.2
3.19
3.19
3.27
3.2
3.2
46.63
3.18
3.18
3.18
3.19
3.19
3.2300000000000004
3.2800000000000002
3.16
3.34
3.16
11.08
3.18
3.15
3.16
3.19
3.2
3.2
3.16
8.07
3.17
3.17
3.1399999999999997
3.16
3.17
3.16
3.11
3.16
3.15
3.16
3.15
3.1300000000000003
3.16
3.15
103.15
3.1399999999999997
10.15
3.1399999999999997
3.16
3.1399999999999997
3.1399999999999997
3.17
3.15
25.480000000000004
3.1399999999999997
9.78
3.1399999999999997
3.11
3.17
3.1300000000000003
3.1
3.1199999999999997
3.16
3.1
3.1300000000000003
3.1300000000000003
3.1199999999999997
3.11
3.1199999999999997
3.1199999999999997
3.1399999999999997
3.15
3.1399999999999997
3.11