21.89
5.390000000000001
5.1499999999999995
4.760000000000001
5.84
3.4299999999999997
3.2399999999999998
3.18
5.07
4.2299999999999995
3.26
3.0700000000000003
3.05
3.02
2.9499999999999997
2.98
3.0300000000000002
2.9899999999999998
2.98
2.94
38.65
3.17
3.0300000000000002
2.98
2.9499999999999997
2.9499999999999997
2.97
3
2.93
2.9499999999999997
2.97
2.93
2.93
2.9499999999999997
2.93
2.94
2.97
2.9499999999999997
2.94
2.9499999999999997
3.2300000000000004
2.93
2.93
2.91
14.99
2.85
2.8400000000000003
2.87
2.8899999999999997
2.83
2.8400000000000003
2.87
2.8899999999999997
2.82
2.88
2.86
2.87
2.87
2.8400000000000003
2.86
2.8400000000000003
2.83
2.85
2.86
2.82
2.83
2.83
2.83
2.8400000000000003
2.8400000000000003
2.8400000000000003
14.540000000000001
3.56
2.9899999999999998
2.97
2.88
2.9000000000000004
2.92
2.85
2.9000000000000004
2.86
2.85
2.8400000000000003
2.85
2.85
2.87
2.85
3.0700000000000003
2.85
2.85
2.85
2.87
2.85
2.88
26.75
2.8400000000000003
2.81
2.83
2.83
2.83
2.81
2.8400000000000003
2.83
2.8400000000000003
2.88
2.8400000000000003
2.83
2.83
2.82
2.81
2.8400000000000003
2.85
2.8400000000000003
2.83
2.85
2.8400000000000003
2.8400000000000003
2.81
2.83
3.09
2.81
2.82
2.8000000000000003
2.83
2.81
2.81
28.88
3.04
2.92
2.86
2.85
12.98
2.83
2.8400000000000003
14.41
2.79
2.78
2.77
2.76
2.78
2.9499999999999997
2.76
2.76
2.75
9.64
2.77
2.77
2.79
2.78
2.78
2.75
2.76
2.76
2.77
2.77
2.77
2.77
2.81
2.83
2.77
2.77
2.79
2.77
2.77
2.79
2.77
2.77
2.76
2.78
2.96
94.44
10.7
2.77
2.74
2.73
2.74
2.73
2.75
2.75
2.76
2.74
7.359999999999999
2.9499999999999997
2.81
2.8000000000000003
2.91
2.73
2.73
2.7199999999999998
2.73
2.71
2.7199999999999998
2.7199999999999998
2.74
2.7199999999999998
2.7199999999999998
2.71
2.73
2.73
2.74
2.7199999999999998
2.7199999999999998