359.3046875
330.453125
330.5078125
331.3671875
583.4296875
332.78125
332.3046875
331.7890625
331.7890625
332.8203125
332.4609375
332.78125
332.2734375
333.8671875
332.265625
333.4765625
332.96875
332.328125
332.234375
333.3046875
332.2578125
332.8359375
332.3359375
333.3046875
333.6640625
333.2109375
332.2265625
332.5625
332.3203125
333.0390625
332.484375
332.3046875
332.5546875
332.359375
333.515625
332.90625
332.328125
333.0703125
331.390625
331.65625
331.765625
331.3046875
331.28125
331.8359375
331.2890625
332.25
331.2890625
331.3828125
331.4375
331.328125
331.3046875
331.40625
331.2734375
331.5546875
332.5
331.3125
332.859375
331.296875
331.46875
331.3515625
332.0078125
331.875
331.34375
331.3203125
331.296875
331.2890625
331.4609375
331.2890625
331.7265625
331.859375
332.6171875
330.1875
329.4609375
329.671875
329.9921875
330.3671875
329.9375
329.46875
330.25
330.328125
329.4609375
329.5234375
329.484375
330.6953125
330.796875
330.7265625
330.3125
329.4765625
329.734375
330.75
329.515625
330.40625
329.6171875
330.8828125
329.4765625
329.7890625
329.5
330.390625
330.5390625
330.7734375
331.1484375
329.4921875
329.46875
329.609375
329.46875
329.5390625
332.6953125
328.8125
329.3515625
329.78125
328.8671875
329.140625
328.7890625
328.578125
328.640625
328.5078125
329.671875
330.734375
328.5234375
329.1328125
331
328.515625
328.7578125
329.296875
329.359375
328.875
329.0859375
328.515625
329.4453125
329.1640625
328.6171875
329.3125
328.953125
329.875
329.109375
329.84375
328.390625
327.0859375
328.265625
327.671875
328.1640625
327.1796875
329.078125
327.171875
327.8359375
328.3203125
327.109375
328.0546875
327.5
327.3125
327.8046875
327.0859375
327.8984375
327.671875
328.1640625
327.1171875
327.2578125
327.1875
327.1015625
328.203125
327.140625
328.5
327.6796875
328.1328125
328.4375
327.46875
327.2890625
327.53125
327.4375
327.6875
328.2578125
327.3203125
327.140625
328.21875
327.171875
327.15625
327.1171875
327.5625
331.625
326.390625
325.9140625
325.8984375
325.125
325.375
326.4140625
325.1796875
325.21875
325.421875
325.140625
325.1484375
326.1953125
326.484375
325.140625
326.5
325.125
325.8046875
325.6171875
325.1875
326.3828125
325.8984375
325.125
325.375