368.0390625
239.140625
238.8359375
239.0234375
239.3203125
241.2890625
240.2421875
240.2578125
240.1796875
240.359375
240.6953125
240.7109375
241.140625
241.234375
240.71875
240.9453125
240.71875
240.9609375
241.6796875
241.15625
241.890625
241.234375
240.7109375
240.96875
240.71875
240.71875
240.7109375
240.7109375
240.7109375
240.7109375
241.5
241.2421875
241.515625
241.15625
241.234375
240.71875
240.7890625
240.828125
241.0859375
241.234375
240.7109375
240.96875
241.1484375
241.1640625
240.75
241.0390625
240.7265625
240.75
240.7421875
240.765625
241.1953125
242.5625
240.828125
241.2734375
241.203125
240.140625
240.2890625
241.2734375
240.0390625
240.078125
240.9921875
240.0703125
241.4921875
241.203125
240.140625
240.125
241.296875
241.203125
240.140625
240.2890625
241.2890625
240.0390625
240.078125
240.9921875
240.0703125
240.046875
240.296875
241.4609375
241.234375
240.0703125
241.515625
240.0390625
240.078125
240.03125
240.09375
240.5703125
240.3984375
240.140625
240.125
241.28125
241.203125
240.140625
240.2890625
241.2734375
240.0390625
240.078125
240.9921875
240.0703125
241.4921875
241.203125
240.140625
240.125
241.296875
241.203125
240.140625
240.2890625
241.2890625
240.0390625
240.078125
240.9921875
240.0703125
240.046875
240.296875
241.4609375
241.234375
240.0703125
241.515625
240.0390625
240.078125
240.9921875
240.0703125
240.03125
240.2734375
241.1796875
241.234375
240.0703125
240.03125
240.2734375
241.1796875
241.234375
240.40625
239.0546875
239.59375
239.0859375
239.0859375
239.5234375
239.3359375
239.7890625
239.0859375
239.0625
239.1171875
240.4609375
239.5234375
239.4296875
239.0859375
239.0390625
239.046875
240
239.0703125
239.8671875
239.0859375
239.953125
239.0859375
239.0390625
240.0859375
239.3359375
239.7265625
238.4375
238.4140625
239.9609375
238.453125
239.0859375
238.5078125
238.4765625
238.453125
238.4609375
238.4375
239.953125
238.6953125
238.5546875
239.734375
238.6953125
238.984375
238.5
239.875
238.703125
238.5546875
239.8046875
238.6953125
238.5546875
239.734375
238.6953125
238.984375
238.5
238.484375
239.4453125
238.6953125
238.5546875
239.8046875
238.6953125
238.5546875
238.421875
239.9140625
238.984375
238.4765625
239.5546875
238.6953125
238.5546875
239.53125
240.21875
237.890625
237.890625