170.359375
16.25
16.046875
16.1171875
16.3515625
16.2421875
16.1796875
16.1953125
16.1953125
16.2265625
16.1953125
16.1953125
16.1953125
16.1953125
16.1953125
16.1953125
16.1953125
16.1953125
16.1953125
16.1953125
16.1953125
16.1953125
16.1953125
16.1953125
16.1953125
16.1953125
16.1953125
16.1953125
16.1953125
16.1953125
16.1953125
16.1953125
16.1953125
16.203125
16.1953125
16.1953125
16.1953125
16.1953125
16.1953125
16.1953125
16.1953125
16.1953125
16.1953125
16.1953125
16.1953125
16.1953125
16.1953125
16.2109375
16.1953125
16.1953125
16.1953125
16.1953125
16.1953125
16.1953125
16.1953125
16.1953125
16.1953125
16.1953125
16.1953125
16.1953125
16.1953125
16.1953125
16.1953125
16.1953125
16.1953125
16.1953125
16.1953125
16.1953125
16.1953125
16.1953125
16.1953125
16.1953125
16.1953125
16.1953125
16.1953125
16.1953125
16.1953125
16.1953125
16.1953125
16.1953125
16.203125
16.1953125
16.1953125
16.1953125
16.1953125
16.1953125
16.1953125
16.1953125
16.1953125
16.1953125
16.1953125
16.1953125
16.1953125
16.1953125
16.2109375
16.1953125
16.1953125
16.1953125
16.1953125
16.1953125
16.1953125
16.1953125
16.21875
16.1953125
16.1953125
16.1953125
16.1953125
16.1953125
16.1953125
16.1953125
16.1953125
16.1953125
16.1953125
16.1953125
16.1953125
16.1953125
16.1953125
16.1953125
16.1953125
16.1953125
16.1953125
16.1953125
16.1953125
16.1953125
16.1953125
16.1953125
16.1953125
16.1953125
16.1953125
16.1953125
16.1953125
16.1953125
16.1953125
16.1953125
16.1953125
16.1953125
16.1953125
16.1953125
16.1953125
16.1953125
16.1953125
16.1953125
16.2265625
16.1953125
16.1953125
16.1953125
16.1953125
16.1953125
16.1953125
16.2421875
16.1953125
16.1953125
16.1953125
16.1953125
16.1953125
16.1953125
16.234375
16.1953125
16.1953125
16.1953125
16.1953125
16.1953125
16.1953125
16.203125
16.1953125
16.1953125
16.1953125
16.1953125
16.1953125
16.1953125
16.1953125
16.1953125
16.1953125
16.1953125
16.1953125
16.1953125
16.1953125
16.1953125
16.1953125
16.1953125
16.1953125
16.1953125
16.1953125
16.1953125
16.1953125
16.1953125
16.1953125
16.1953125
16.1953125
16.1953125
16.1953125
16.1953125
16.1953125
16.1953125
16.1953125
16.1953125
16.1953125
16.1953125
16.1953125
16.1953125
16.1953125
16.1953125