37.546875
35.8359375
36.1171875
35.9921875
36.1640625
36.1953125
36.1328125
36.1484375
36.1484375
36.1796875
36.1484375
36.1484375
36.1484375
36.1484375
36.1484375
36.1875
36.1484375
36.1484375
36.1484375
36.1484375
36.1484375
36.1875
36.1484375
36.1484375
36.1484375
36.1484375
36.1484375
36.1484375
36.1484375
36.1484375
36.1484375
36.1484375
36.1484375
36.1484375
36.1875
36.1484375
36.1484375
36.1484375
36.1484375
36.1484375
36.1875
36.1484375
36.1484375
36.1484375
36.1484375
36.171875
36.1484375
36.1484375
36.15625
36.1484375
36.1484375
36.1484375
36.1484375
36.1484375
36.1484375
36.1484375
36.1484375
36.1484375
36.1484375
36.1484375
36.1484375
36.1484375
36.1484375
36.1484375
36.171875
36.1484375
36.1484375
36.1484375
36.1484375
36.1484375
36.1484375
36.1484375
36.1484375
36.1484375
36.1484375
36.1484375
36.1484375
36.1484375
36.1484375
36.1484375
36.171875
36.1484375
36.1484375
36.1484375
36.1484375
36.1484375
36.1484375
34.1171875
34.1171875
34.1171875
34.1484375
34.5625
34.1171875
34.1171875
34.1171875
34.1171875
34.1171875
34.1171875
34.1171875
34.1171875
34.1171875
34.1484375
34.1171875
34.1171875
34.1171875
34.1171875
34.1171875
34.1171875
34.1171875
34.1171875
34.1171875
34.1328125
34.1171875
34.1171875
34.1171875
34.1171875
34.1171875
34.1171875
34.1171875
34.1171875
34.1171875
34.140625
34.1171875
34.1171875
34.1171875
34.1171875
34.1171875
34.1171875
34.1484375
34.1171875
34.1171875
34.125
34.1171875
34.1171875
34.1171875
31.6796875
31.6796875
31.6796875
31.7734375
31.6796875
31.6875
31.6796875
31.6796875
31.6796875
31.6796875
31.6796875
31.6796875
31.6796875
31.6796875
31.6796875
31.6796875
31.6796875
31.6796875
31.6796875
31.6796875
31.6796875
31.6796875
31.6796875
31.6796875
31.6796875
31.6796875
31.6796875
31.6796875
31.6796875
31.6796875
31.6796875
31.6796875
31.6796875
31.703125
31.6796875
31.6796875
31.6796875
31.6796875
31.6796875
31.6796875
31.6875
31.6796875
31.6796875
31.6796875
31.6796875
31.6796875
31.6796875
31.703125
31.6796875
31.6796875
31.6796875
31.6796875
31.6796875
31.6796875
31.6796875
31.6796875
31.6796875
31.6796875
31.6796875
31.6796875
31.6796875
31.6796875
31.703125
31.6796875
31.6796875
31.6796875
31.6796875