32.8203125
31.359375
31.3828125
31.3515625
31.5546875
31.5546875
31.4921875
31.5078125
31.5078125
31.5390625
31.5078125
31.5078125
31.5078125
31.5078125
31.5078125
31.5078125
31.5078125
31.5078125
31.5078125
31.515625
31.53125
31.5078125
31.5078125
31.5078125
31.5078125
31.5078125
31.5078125
31.515625
31.5078125
31.5078125
31.5078125
31.5078125
31.5078125
31.5078125
31.5078125
31.5078125
31.5078125
31.5078125
31.5078125
31.5078125
31.5078125
31.5078125
31.5234375
31.5078125
31.5078125
31.5078125
31.5078125
31.5078125
31.5078125
31.5078125
31.5078125
31.5078125
31.5078125
31.5078125
31.5078125
31.5078125
31.53125
31.5078125
31.5078125
31.5078125
31.5078125
31.5078125
31.5078125
31.5078125
31.515625
31.5078125
31.5078125
31.671875
31.5078125
31.5078125
31.5078125
31.53125
31.5078125
31.5078125
31.5234375
31.5078125
31.5078125
31.5078125
31.5078125
31.5078125
31.5078125
31.5078125
31.546875
31.5078125
31.5078125
31.5078125
31.5078125
31.5078125
31.5078125
31.5234375
31.5078125
31.5078125
31.5078125
31.5078125
31.5078125
31.5078125
31.5078125
31.5078125
31.5078125
31.5078125
31.5078125
31.5078125
31.5078125
31.5078125
31.5234375
31.5078125
31.5078125
31.5078125
31.5078125
31.5078125
31.5078125
31.5234375
31.5078125
31.5078125
31.5078125
31.5078125
31.5078125
31.5078125
31.5078125
31.515625
31.5078125
31.5078125
31.5078125
31.5078125
30.0859375
30.0859375
30.125
30.0859375
30.0859375
30.5234375
30.0859375
30.109375
30.0859375
30.0859375
30.0859375
30.0859375
30.0859375
30.0859375
30.0859375
30.09375
30.0859375
30.0859375
30.0859375
30.0859375
30.0859375
30.0859375
30.0859375
30.09375
30.0859375
30.0859375
30.0859375
30.0859375
30.0859375
30.0859375
30.0859375
30.09375
30.0859375
28.0546875
28.0546875
28.0546875
28.0546875
28.0546875
28.0546875
28.0546875
28.0703125
28.0546875
28.0546875
28.0546875
28.0546875
28.0546875
28.0546875
28.0546875
28.0625
28.0546875
28.0546875
28.0546875
28.0546875
28.0546875
28.0546875
28.0546875
28.0546875
28.0546875
28.0546875
28.0546875
28.0546875
28.0546875
28.078125
28.0546875
28.0546875
28.0546875
28.0546875
28.0546875
28.0546875
28.0546875
28.0546875
28.0703125
28.0546875
28.0546875
28.0546875
28.0546875
28.0546875
28.0546875