309.703125
280.65625
279.1015625
279.6640625
280.4765625
280.65625
280.5390625
282.5546875
280.7109375
281.0078125
281.0078125
281.5
281.125
281.0625
281.0390625
281.6796875
281.078125
281.8046875
281.5078125
281.046875
281.0234375
281.2421875
281.1953125
281.046875
281.0234375
281.1953125
281.0234375
281.1015625
281.0625
281.5546875
281.046875
281.03125
281.5078125
281.59375
281.0234375
281.5
281.203125
281.1640625
282.34375
281.0234375
282.09375
281.796875
282.4296875
282.375
282.4609375
280.9765625
280.859375
280.2578125
280.75
280.2421875
281.203125
280.34375
280.328125
280.3125
280.5078125
281.2421875
280.3046875
281.203125
280.328125
281.7109375
280.21875
281.4296875
280.3046875
281.7578125
281.421875
280.5390625
280.9609375
280.546875
281.0546875
280.34375
280.21875
280.2890625
280.7421875
280.4453125
280.2578125
280.46875
280.5546875
280.7734375
281.4921875
280.4296875
281.03125
280.4453125
281.15625
280.2109375
280.21875
280.265625
280.359375
280.8828125
280.234375
280.25
280.546875
281.609375
280.2421875
280.625
279.09375
278.9140625
279.0078125
278.9140625
279.3203125
278.84375
278.8125
278.90625
279.5859375
279.515625
278.9453125
279.4296875
278.890625
278.921875
279.171875
280.2890625
278.921875
278.8203125
278.890625
278.859375
279.8828125
279.6640625
278.9296875
279.6484375
279
278.8203125
279.2890625
278.9921875
278.8515625
278.8046875
279.3203125
278.828125
280.1328125
279.390625
278.8203125
279.5390625
279.1328125
281.6875
278.8515625
278.1953125
278.109375
279.5703125
278.234375
278.296875
278.0859375
279.09375
278.8828125
278.4765625
278.8671875
278.3359375
278.0625
278.75
278.6796875
278.6796875
278.0703125
278.1015625
279.203125
279.5703125
278.9296875
278.1015625
278.140625
278.1484375
279.3515625
278.265625
278.1015625
278.203125
278.109375
278.6015625
278.078125
278.0859375
278.21875
278.0859375
279.2421875
278.234375
279.859375
277.21875
278.3984375
277.109375
276.953125
277.09375
277.03125
277.1015625
278.3046875
277.2578125
276.984375
277.0703125
278.203125
277.0078125
276.9453125
277.9921875
277.4765625
277.21875
278.0625
276.9140625
277.046875
276.9296875
277.3046875
277.0078125
277.3515625
277.0546875
277.4609375
276.953125
277.09375
276.921875
277.21875
278.3984375
277.109375
276.953125