149.6171875
118.34375
113.8046875
123.4140625
124.5390625
114.1328125
114.0625
114.0078125
129.734375
114.1875
115.2578125
114.5859375
114.6875
114.5859375
114.625
114.5859375
114.609375
114.5859375
114.625
114.5859375
115.46875
114.5859375
114.5859375
114.5859375
115.359375
114.6171875
114.6171875
114.6171875
114.65625
114.6484375
114.6484375
114.6484375
114.6484375
114.6484375
114.6484375
115.1640625
114.6484375
114.7109375
114.6484375
115.1875
114.6484375
114.703125
114.6484375
115.2109375
114.6484375
114.65625
114.6484375
114.6796875
114.6484375
115.3203125
114.6484375
114.8515625
114.6484375
114.6640625
114.6484375
114.703125
114.6484375
114.6640625
114.6484375
116.125
114.6484375
115.21875
114.6484375
114.96875
114.6484375
114.8984375
114.6484375
115.171875
114.6484375
114.71875
114.6484375
114.671875
114.6484375
114.984375
114.6484375
114.6484375
114.6484375
114.6484375
114.6484375
114.6484375
114.6484375
114.6484375
115.4140625
114.6484375
116.0390625
114.6484375
114.828125
114.6484375
115.890625
114.6484375
114.65625
114.6484375
114.6796875
114.6484375
114.7265625
114.6484375
115.0703125
114.6484375
114.6875
114.6484375
114.75
114.6484375
115.0546875
114.6484375
114.703125
114.6484375
114.6484375
114.6484375
115.640625
114.6484375
114.65625
114.6484375
115.5859375
114.6484375
115.0703125
114.6484375
116.15625
114.3515625
114.3515625
114.3515625
114.3828125
114.3515625
114.640625
114.3515625
114.3671875
114.3515625
114.421875
114.3515625
115.4765625
114.3515625
115.6796875
114.3515625
114.5234375
114.3515625
115.828125
114.3515625
114.3515625
114.3515625
114.453125
114.3515625
114.3515625
114.3515625
114.3515625
114.3515625
114.3515625
115.3359375
114.3515625
114.359375
114.3515625
114.84375
114.3515625
114.9375
114.3515625
115.671875
114.3515625
114.8046875
114.3515625
114.40625
114.3515625
114.375
114.3515625
115.0390625
114.3515625
114.390625
114.3515625
114.40625
114.3515625
114.5703125
114.3515625
114.3671875
114.3515625
114.3515625
114.3515625
114.890625
114.3515625
115.4921875
114.3515625
114.8984375
114.3515625
114.40625
114.3515625
114.3828125
114.3515625
114.40625
114.3515625
114.8125
114.3515625
114.3515625
114.3515625
114.453125
114.3515625
114.3515625
114.3515625
114.3515625
114.3515625
114.3515625
114.8984375
114.3515625
114.484375
114.3515625
115.15625
114.3515625