44.0703125
47.078125
42.65625
42.515625
48.78125
42.71875
42.65625
42.671875
42.671875
42.703125
42.671875
42.671875
42.6953125
42.671875
42.671875
42.671875
42.671875
42.671875
42.671875
42.671875
42.671875
42.671875
42.671875
42.6953125
42.671875
42.671875
42.671875
42.671875
42.671875
42.671875
42.671875
42.671875
42.671875
42.671875
42.6953125
42.671875
42.671875
42.671875
42.671875
42.671875
42.6875
42.671875
42.7109375
42.671875
42.671875
42.671875
42.671875
42.671875
42.671875
42.671875
42.671875
42.6875
42.671875
42.6796875
42.671875
42.671875
42.671875
42.671875
42.671875
42.671875
42.671875
42.671875
42.671875
42.671875
42.6875
42.671875
42.6796875
42.671875
40.03125
40.03125
40.03125
40.03125
40.03125
40.03125
40.03125
40.03125
40.03125
40.03125
40.046875
40.03125
40.046875
40.03125
40.0546875
40.03125
40.03125
40.03125
40.03125
40.03125
40.03125
40.03125
40.03125
40.03125
40.03125
40.03125
40.03125
40.03125
40.03125
40.03125
40.03125
40.046875
40.03125
40.046875
40.03125
40.0546875
40.03125
40.03125
40.03125
40.03125
40.03125
40.03125
36.984375
36.984375
36.984375
36.984375
36.984375
36.984375
36.984375
36.984375
36.984375
36.984375
36.984375
36.984375
36.984375
36.984375
36.984375
36.984375
36.984375
36.984375
36.984375
36.984375
36.984375
36.984375
36.984375
36.984375
36.984375
36.984375
36.984375
36.984375
36.984375
36.984375
36.984375
36.984375
36.984375
36.984375
36.984375
36.984375
36.984375
36.984375
36.984375
36.984375
36.984375
36.984375
36.984375
36.984375
36.984375
36.984375
36.984375
36.984375
36.984375
36.984375
36.984375
36.984375
36.984375
36.984375
40.1171875
40.46875
40.03125
40.03125
40.03125
40.03125
40.03125
40.03125
40.03125
40.03125
40.03125
40.03125
40.03125
40.03125
40.03125
40.03125
40.03125
40.03125
40.03125
40.03125
40.03125
40.03125
40.03125
40.03125
40.03125
40.0546875
40.03125
40.0703125
40.03125
40.046875
40.03125
40.0390625
40.03125
40.0546875
40.03125
40.0625
40.03125
40.046875