0.71725
0.204833
0.0665
0.0425
0.155208
0.047625
0.040458
0.03675
0.048417
0.040458
0.032125
0.0305
0.032291
0.031292
0.029709
0.029625
0.028333
0.02825
0.02875
0.027959
0.028542
0.051917
0.037583
0.031792
0.029875
0.030833
0.029584
0.02875
0.028583
0.027833
0.028209
0.027959
0.027542
0.027292
0.027458
0.027917
0.027625
0.02925
0.027375
0.027042
0.028292
0.026917
0.029417
0.027291
0.027
0.027292
0.027333
0.030958
0.027792
0.027125
0.027
0.027042
0.029083
0.027875
0.027584
0.030167
0.027166
0.027458
0.027167
0.027125
0.027333
0.027459
0.027833
0.027167
0.04075
0.027625
0.027333
0.028875
0.0285
0.02675
0.030084
0.025917
0.026666
0.027875
0.037834
0.028125
0.027167
0.027125
0.026333
0.026
0.027125
0.026167
0.026416
0.025875
0.026292
0.026125
0.025708
0.025917
0.02575
0.026333
0.025917
0.026917
0.025875
0.025958
0.025917
0.026
0.025917
0.026459
0.025958
0.026041
0.025958
0.026542
0.02575
0.026417
0.026
0.025875
0.026
0.025875
0.026041
0.02875
0.058625
0.025875
0.026542
0.025833
0.032792
0.025833
0.025791
0.025625
0.025791
0.026959
0.025583
0.044167
0.026167
0.027125
0.026167
0.025166
0.023792
0.025459
0.026459
0.024
0.045375
0.030708
0.028042
0.026625
0.025334
0.024334
0.026709
0.024042
0.024041
0.023875
0.024458
0.024042
0.024042
0.024584
0.025416
0.023792
0.025333
0.023875
0.024459
0.024
0.023833
0.023916
0.023667
0.02375
0.023792
0.027375
0.019167
0.017709
0.017166
0.01825
0.01775
0.020708
0.017125
0.016917
0.017708
0.017958
0.017125
0.016875
0.017167
0.016958
0.017041
0.016833
0.01675
0.017166
0.017917
0.016625
0.01675
0.017
0.017375
0.017625
0.016875
0.01675
0.017
0.01725
0.016958
0.017208
0.016792
0.018667
0.017667
0.016834
0.016792
0.017375
0.016958
0.016792
0.016916
0.016666
0.016833
0.017834
0.018292
0.01725
0.016875
0.017