0.957625
0.182583
0.173375
0.048
0.256333
0.0585
0.045291
0.044625
0.047625
0.044834
0.035625
0.035166
0.033834
0.03325
0.035125
0.033292
0.033083
0.034
0.033416
0.032834
0.032166
0.032083
0.034
0.032042
0.032459
0.031833
0.03325
0.032083
0.031833
0.032208
0.033958
0.033542
0.032166
0.033375
0.032208
0.032083
0.032625
0.032167
0.03175
0.031583
0.032458
0.031916
0.031583
0.055584
0.040333
0.03825
0.0345
0.033667
0.033084
0.032708
0.032375
0.032667
0.034208
0.0535
0.032375
0.032917
0.034958
0.031375
0.033791
0.03075
0.03075
0.033167
0.030875
0.030542
0.030791
0.030292
0.030583
0.030417
0.030542
0.031708
0.0305
0.032291
0.030292
0.030375
0.031667
0.030459
0.030542
0.035291
0.030667
0.030333
0.030625
0.03025
0.030542
0.030209
0.049959
0.030625
0.030167
0.034791
0.027458
0.02725
0.028958
0.069959
0.041125
0.027875
0.0275
0.027208
0.027625
0.027333
0.027708
0.031834
0.027458
0.027291
0.028833
0.027625
0.027125
0.027792
0.027292
0.02725
0.028166
0.027209
0.027125
0.027208
0.027208
0.027166
0.027292
0.028
0.027791
0.029375
0.027709
0.027625
0.027291
0.027
0.029083
0.027125
0.027084
0.027875
0.027208
0.027666
0.027042
0.027292
0.027542
0.026959
0.027042
0.0925
0.027542
0.029167
0.034
0.021041
0.019541
0.019208
0.040625
0.025833
0.02275
0.021375
0.024917
0.020333
0.019375
0.020125
0.019709
0.01975
0.019292
0.019
0.019208
0.019208
0.019791
0.019542
0.019167
0.0195
0.01925
0.019458
0.019333
0.019708
0.018833
0.019625
0.019042
0.019333
0.019333
0.018834
0.020834
0.019375
0.019167
0.021709
0.018875
0.018834
0.018875
0.020167
0.01875
0.019417
0.01875
0.018709
0.019042
0.018792
0.020375
0.018709
0.019333
0.01925
0.019
0.01875
0.018834
0.557959
0.030792
0.022875
0.020709
0.020708
0.019959
0.0195
0.019125
0.019042
0.018792
0.018875
0.019459
0.019