2.446958
0.532125
0.653834
0.441
0.654541
0.402292
0.373625
0.369834
0.586125
0.523208
0.369541
0.360541
0.371166
0.3495
0.346458
0.345208
0.347541
0.347417
0.343083
0.345666
0.344959
0.345917
0.345666
0.351833
0.346292
0.344083
0.344333
0.34525
0.35675
0.343958
0.344583
0.345125
0.350792
0.343583
0.378292
0.340666
0.344125
0.3465
1.31675
0.38325
0.345291
0.3425
0.336917
0.338125
0.332875
0.334
0.336416
0.332958
0.336291
0.332458
0.333042
0.334125
0.332958
0.332583
0.331084
0.331584
0.353
0.3435
0.332583
0.335542
0.332709
0.332
0.335083
0.336458
0.340334
0.33175
0.3325
0.358833
0.329792
0.33625
0.333125
0.332583
0.332125
0.4075
0.333208
0.333375
0.329667
0.32875
0.333958
0.329958
0.331
0.334875
0.330209
0.941208
0.335833
0.32875
0.32825
0.331791
0.328709
0.331875
0.335
0.330875
0.331959
0.330209
0.3305
0.372042
0.328084
0.333667
0.33275
0.329375
0.330917
0.328583
0.329541
0.329666
0.332791
0.329083
0.331709
0.330042
0.329333
0.386
0.330708
0.326083
0.343458
0.322917
0.326584
0.320875
0.321917
0.326542
0.323833
0.329167
0.323584
0.327041
0.323291
0.326125
0.324458
0.325125
0.323458
0.322416
0.323959
0.325917
0.819208
0.348958
0.330417
0.328459
0.329167
0.327208
0.416125
0.319584
0.322333
0.320292
0.320416
0.321084
0.319791
0.337541
0.345959
0.351334
0.319375
0.337417
0.317834
0.350791
0.319416
0.317458
0.317459
0.318625
0.320167
0.322
0.321542
0.323542
0.319625
0.31825
0.319167
0.322042
0.319875
0.318292
0.32
0.317
0.318083
0.318833
0.321583
0.318209
0.31825
0.317
0.319667
0.316917
0.318
0.319791
0.31675
0.871542
0.341916
0.328666
0.320542
0.320583
0.459959
0.323833
0.332166
0.319458
0.320333
0.316667
0.318083
0.315
0.316167
0.31475
0.318125
0.317792
0.3165
0.317334
0.318166
0.315917
0.317958
0.319208
0.315333
0.316709