0.592041
0.151
0.1655
0.146542
0.152
0.045041
0.030042
0.023583
0.122125
0.027625
0.017959
0.016584
0.016958
0.015292
0.015708
0.014917
0.014834
0.015291
0.015125
0.0145
0.014416
0.014083
0.017542
0.014833
0.014375
0.014167
0.015292
0.025666
0.014167
0.014584
1.560959
0.03325
0.020208
0.017209
0.016125
0.015458
0.014958
0.014875
0.014834
0.014667
0.015167
0.014583
0.01475
0.014542
0.014375
0.014458
0.014458
0.014417
0.014709
0.014459
0.014542
0.01475
0.016
0.015292
0.014417
0.014292
0.0145
0.014459
0.014292
0.014416
0.016625
0.014333
0.014166
0.014333
0.014292
0.014334
0.014375
0.015625
0.014417
0.015208
0.014417
0.014292
0.014083
0.016209
0.015709
0.014333
0.014584
0.014291
0.014292
0.0145
0.014375
0.015708
0.014208
0.014375
0.01425
0.014125
0.014166
0.014292
0.014375
0.014166
0.014167
0.015041
0.014416
0.014166
0.014417
0.014375
0.014583
0.014375
0.014833
0.014458
0.014167
0.014417
0.014333
0.014125
0.014459
0.014417
0.014334
0.015125
0.014208
0.0145
0.01425
0.014917
0.014209
0.014375
0.014167
0.01425
0.014208
0.014292
0.014291
0.015
0.014375
0.018417
0.014333
0.014292
0.014292
0.014209
0.014291
0.01425
0.018042
0.014209
0.014417
0.014167
0.014
0.014208
0.014125
0.785875
0.026292
0.018542
0.01625
0.016166
0.015166
0.01475
0.015042
0.014708
0.016625
0.014459
0.015042
0.016583
0.014458
0.01425
0.0265
0.016625
0.014666
0.014166
0.014
0.014041
0.016459
0.014208
0.01375
0.013625
0.013875
0.014792
0.01425
0.013833
0.013666
0.01375
0.013625
0.014084
0.0135
0.013583
0.013542
0.013541
0.013667
0.013584
0.014083
0.014083
0.013834
0.013583
0.013625
0.014083
0.013709
0.014917
0.013625
0.013625
0.013542
0.014
0.045291
0.013375
0.014292
0.016083
0.013708
0.013667
0.013583
0.013542
0.014083
0.017083
0.013583
0.013708
0.0135
0.013542
0.013792
0.013875