1.624333
0.417
0.240209
0.297333
0.304958
0.172875
0.1465
0.145625
0.415958
0.180459
0.158583
0.1345
0.125542
0.126417
0.123375
0.123333
0.1215
0.124084
0.121042
0.120708
0.121166
0.1335
0.223209
0.128209
0.128166
0.121917
0.265959
0.123084
0.117792
0.12125
0.116083
0.127541
0.116667
0.117792
0.1155
0.118292
0.116041
0.121458
0.115334
0.117584
0.115875
0.115459
0.118167
1.611208
0.1355
0.124041
0.121208
0.119292
0.118542
0.116583
0.117
0.117167
0.11775
0.117459
0.118667
0.117583
0.117125
0.119375
0.115833
0.11675
0.117292
0.116833
0.115417
0.129333
0.1155
0.117209
0.125666
0.119
0.126166
0.119708
0.116541
0.116708
0.116292
0.1175
0.1175
0.125083
0.128541
0.116833
0.114958
0.118292
0.115333
0.116625
0.116917
0.128416
0.118083
0.116625
0.116791
0.116875
0.115084
0.117
0.114917
0.117875
0.115208
0.116
0.115667
0.116875
0.117
0.115208
0.114792
0.134667
0.118
0.127625
0.115292
0.117083
0.12975
0.120375
0.119667
0.115708
0.119667
0.117167
0.118541
0.14075
0.116208
0.116209
0.116666
0.124708
0.115834
0.115875
0.116875
0.117875
0.150625
0.112917
0.11375
0.112959
0.113042
0.112334
0.114709
0.113042
0.116125
0.113417
0.114167
0.112458
0.114708
0.114334
0.115166
0.112333
0.114375
0.112833
0.114333
0.112166
0.113708
0.111708
0.113167
0.111542
0.11225
0.1115
0.136167
0.112167
0.113042
0.111291
0.160042
0.122917
0.114
0.113167
0.121625
0.117167
0.112
0.113083
0.118041
0.1125
0.112375
0.815875
0.14925
0.127125
0.118334
0.115917
0.1165
0.11425
0.113166
0.112459
0.116084
0.113666
0.117959
0.11325
0.113625
0.113083
0.113833
0.11225
0.113917
0.112958
0.11225
0.111334
0.113083
0.112083
0.113
0.112709
0.11525
0.112041
0.11325
0.112292
0.11525
0.126333
0.112875
0.114583
0.112916
0.111167
0.1145
0.112375
0.113583
0.113334
0.113458
0.11175