2.156541
0.551625
0.37175
0.338459
0.57975
0.418
0.294084
0.282292
0.503792
0.40925
0.278208
0.261833
0.27275
0.254583
0.255958
0.254959
0.26475
1.995417
0.301583
0.265375
0.257167
0.254042
0.257083
0.253542
0.252625
0.250666
0.253834
0.255459
0.252167
0.251625
0.251667
0.260875
0.257333
0.253708
0.253833
0.25375
0.250791
0.251125
0.254
0.251083
0.253458
0.250458
0.253542
0.252292
0.253208
0.2535
0.250708
0.254625
0.28425
0.253625
0.252083
0.249791
0.305875
0.245916
0.242208
0.2445
0.247833
0.244
0.242208
0.246875
0.245458
0.243709
0.244417
0.245208
0.241791
0.242167
0.242833
0.242208
0.241833
0.274375
0.260791
0.244458
0.252916
0.243375
0.2465
0.248291
0.245625
1.027375
0.26475
0.252416
0.244292
0.243125
0.247416
0.241917
0.243791
0.244333
0.244167
0.241875
0.244167
0.247791
0.244208
0.24775
0.244334
0.244958
0.243375
0.2495
0.248416
0.245167
0.244333
0.242875
0.247708
0.242417
0.241625
0.244583
0.243625
0.245083
0.242875
0.246459
0.245542
0.243958
0.24625
0.246709
0.257125
0.24575
0.254875
0.242208
0.242416
0.244583
0.246959
0.268333
0.246
0.243958
0.244
0.243458
0.275166
0.241875
0.243916
0.243625
0.24575
0.241958
0.246084
0.242292
0.242625
0.251
0.242916
0.241917
0.240333
0.24275
0.243417
0.245125
0.733792
0.263292
0.245875
0.25925
0.273042
0.241084
0.24225
0.241375
0.2445
0.241083
0.240708
0.245125
0.240125
0.240542
0.242125
0.244084
0.242167
0.242291
0.242625
0.242875
0.2425
0.324167
0.240584
0.238958
0.240042
0.238792
0.238
0.239
0.254041
0.239917
0.238208
0.238459
0.236333
0.237708
0.238333
0.240292
0.244708
0.239916
0.237416
0.237084
0.236708
0.236208
0.236625
0.237083
0.235792
0.239875
0.236709
0.236875
0.254958
0.236958
0.237
0.263083
0.238959
0.23725
0.236083
0.235708
0.240459
0.236
0.237167
0.238833
0.236541
0.242