2.278458
0.552709
0.529459
0.516042
0.616709
0.344708
0.324875
0.321459
0.54875
0.464792
0.322458
0.312291
0.302791
0.301625
1.866583
0.32075
0.302333
0.300458
0.317791
0.312875
0.323917
0.300834
0.309333
0.297125
0.294625
0.29675
0.294167
0.300541
0.295625
0.299208
0.295209
0.296083
0.295416
0.294833
0.29525
0.294833
0.294167
0.295166
0.298167
0.294334
0.328334
0.298875
0.295083
0.295041
0.339875
0.287542
0.288792
0.290375
0.284625
0.28525
0.287125
0.286625
0.286083
0.285417
0.287541
0.28675
0.28725
0.284167
0.288458
0.287459
0.285833
0.2855
0.28925
0.290917
0.284959
1.099917
0.296541
0.292167
0.29275
0.287833
0.290417
0.287833
0.286125
0.288583
0.289208
0.285959
0.286333
0.284959
0.286125
0.296125
0.285375
0.288083
0.284458
0.286125
0.286417
0.288166
0.285542
0.312125
0.287959
0.285958
0.285625
0.28625
0.287209
0.329542
0.287042
0.28925
0.285667
0.283292
0.286417
0.2835
0.286083
0.285709
0.285084
0.290541
0.286458
0.282209
0.283459
0.288292
0.284333
0.282334
0.285792
0.285666
0.281458
0.281625
0.282208
0.28175
0.282292
0.28075
0.284
0.781167
0.288334
0.292375
0.282625
0.286667
0.2845
0.282791
0.283041
0.281542
0.282958
0.288625
0.282292
0.28375
0.282292
0.284666
0.284083
0.380292
0.2765
0.278709
0.278917
0.278542
0.29375
0.277833
0.276834
0.277417
0.29875
0.277583
0.279583
0.2795
0.279375
0.279042
0.279917
0.283458
0.277917
0.280791
0.28025
0.277625
0.279083
0.278375
0.280041
0.280916
0.277416
0.27775
0.27925
0.279041
0.279458
0.279625
0.280917
0.279459
0.279167
0.295333
0.278916
0.298458
0.2765
0.279833
0.734208
0.286709
0.280333
0.276833
0.275
0.274208
0.274542
0.273875
0.274292
0.2755
0.276916
0.28725
0.273208
0.273833
0.273708
0.275292
0.272625
0.274208
0.273792
0.273625
0.274792
0.273916
0.274208
0.275625
0.275458
0.272083
0.273583
0.27375