0.90475
0.204
0.153416
0.054125
0.171458
0.05825
0.050916
0.048417
0.055917
0.053709
0.042666
0.040291
0.041541
0.039583
0.03875
0.039708
0.077625
0.045334
0.043666
0.040625
0.039625
0.039167
0.040125
0.040208
0.041833
0.040584
0.039708
0.039333
0.03825
0.038916
0.060083
0.038209
0.038084
0.03775
0.038375
0.037791
0.037959
0.075917
0.04325
0.038208
0.039208
0.03775
0.040083
0.038042
0.039208
0.050125
0.038166
0.038167
0.040583
0.038333
0.036125
0.037583
0.037875
0.038709
0.03625
0.063458
0.044
0.040083
0.038042
0.037667
0.037667
0.036625
0.038667
0.03625
0.035792
0.057042
0.037292
0.037083
0.03475
0.034417
0.03275
0.032542
0.033375
0.047334
0.0325
0.032042
0.032083
0.032291
0.031917
0.032084
0.032208
0.033042
0.032375
0.03375
0.032667
0.033125
0.032041
0.033125
0.032
0.036458
0.032291
0.036584
0.032625
0.031958
0.032375
0.033
0.034125
0.034833
0.034042
0.032209
0.03275
0.032166
0.032375
0.034833
0.032
0.032167
0.032333
0.03225
0.033667
0.035459
0.024542
0.022875
0.022541
0.02225
0.022333
0.022208
0.022458
0.022125
0.022083
0.022125
0.022458
0.022708
0.022291
0.022625
0.022292
0.021917
0.022
0.02275
0.021875
0.021916
0.022125
0.021791
0.021958
0.022625
0.022125
0.022667
0.021792
0.025333
0.022958
0.041958
0.028042
0.024708
0.02375
0.025625
0.022584
0.022791
0.022208
0.0225
0.022583
0.022416
0.022209
0.021917
0.02175
0.021833
0.021833
0.021833
0.021625
0.02175
0.02175
0.021833
0.021958
0.023167
0.022333
0.021709
0.021833
0.021917
0.022
0.02225
0.022167
0.021917
0.021916
0.021834
0.021833
0.021792
0.022
0.022375
0.022042
0.022333
0.021708
0.022208
0.021833
0.163125
0.048375
0.0355
0.03475
0.033875
0.034208
0.033625
0.033167
0.032958
0.033584
0.034709
0.033833
0.032458
0.032958
0.034167
0.033
0.032708
0.032959
0.032875
0.033333
0.032625